678967896789
6789


456456456

aaaaaaaaaaaaaa



111
111
a
1.234

1364679219410
1364679219410
1364679219410




1364679219410
1364679219410
1364655159314
1364655159314
1364655159314
1364679219410
1364679219410


1364679219410
1364679219410









1364780929970
1364783588931
1364783588931


1364783588931

1364783588931
1364783588931


1364679219410
1364783588931
1364783588930
136478358800
136478358900
1364780929970
1364789223888

1364679219410
1364780929900
1364780929900
1364780929970
